17.38 0 0
27.93 0 0
27.71 0 0
22.17 0 0
27.52 0 0
33.49 0 0 
31.13 0 0 
28.31 0 0 
41.94 0 0 
49.35 0 0 
45.69 0 0 
40.75 0 0 
39.58 0 0
48.52 0 0
49.51 0 0
52.68 0 0
48.01 0 0
50.21 0 0
38.94 0 0
43.2  0 0
39.66 0 0
43.75 0 0
45.85 0 0
46.77 0 0
43.85 0 0
35.98 0 0
35.88 0 0
28.85 0 0
40.73 0 0
38.5  0 0
34.32 0 0
32.95 0 0
34.5  0 0
38.86 0 0
40.75 0 0
43.94 0 0
34.93 0 0
34.56 0 0
30.54 0 0
34.56 0 0
41.34 0 0
41.72 0 0
41.35 0 0
38    0 0
46.83 0 0
42.69 0 0
39.92 0 0
33.43 0 0
18.32 0 0
33.25 0 0
35.85 0 0
38.5  0 0
34.95 0 0
26.72 0 0
32.41 0 0
25.01 0 0
26.41 0 0
27.66 0 0
37.34 0 0
38.59 0 0
35.85 0 0
33.16 0 0
35.42 0 0
36.56 0 0
40    0 0
38.65 0 0
35.01 0 0
32.94 0 0
37.19 0 0
27.36 0 0
28.38 0 0
40.15 0 0
40.02 0 0
23.9  0 0
28.25 0 0
34.97 0 0
33.18 0 0
28.51 0 0
21.68 0 0
36.69 0 0
36.87 0 0
37.01 0 0
33    0 0
41.02 0 0
40.19 0 0
36.15 0 0
22.88 0 0
29.26 0 0
36.2  0 0
32.35 0 0
34.34 0 0
31.34 0 0
28.48 0 0
28.97 0 0
39.89 0 0
32.37 0 0
37.68 0 0
32.36 0 0
40.28 0 0
40.2  0 0
38.56 0 0
33.45 0 0
39.85 0 0
36.2  0 0
37.45 0 0
36.96 0 0
29.1  0 0
36.59 0 0
36.59 0 0
42.5  0 0
38.8  0 0
32.3  0 0
31.19 0 0
25.98 0 0
33.42 0 0
39.05 0 0
37.88 0 0
30.66 0 0
32.39 0 0
38.72 0 0
34.96 0 0
25.56 0 0
28.89 0 0
34.53 0 0
39.68 0 0
37.89 0 0
39.73 0 0
37.15 0 0
34.71 0 0
34.3  0 0
34.75 0 0
33.16 0 0
31.9  0 0
33.74 0 0
34.02 0 0
32.18 0 0
31.61 0 0
31.46 0 0
31.94 0 0
33.35 0 0
35.59 0 0
36.27 0 0
35.94 0 0
33.91 0 0
33.72 0 0
32.35 0 0
34.28 0 0
34.35 0 0
36    0 0
34.42 0 0
32.73 0 0
32.16 0 0
32.59 0 0
33.35 0 0
33.59 0 0
31    0 0
32.25 0 0
31.85 0 0
23.39 0 0
30.95 0 0
35.61 0 0
30.31 0 0
29.52 0 0
21.58 0 0
29.98 0 0
31.03 0 0
33.2 0 0
31.74 0 0
35.98 0 0
40.27 0 0
37.51 0 0
35.99 0 0
34.95 0 0
33.61 0 0
34.97 0 0
31.46 0 0
31.1  0 0
35.42 0 0
36.08 0 0
38.31 0 0
37.61 0 0
38.51 0 0
37.47 0 0
37    0 0
38.02 0 0
33.61 0 0
36.34 0 0
41.15 0 0
29.09 0 0
39.88 0 0
37.35 0 0
36.39 0 0
34.58 0 0
40.74 0 0
45.22 0 0
48.19 0 0
46.43 0 0
31.8  0 0
34.82 0 0
29.8  0 0
35.79 0 0
32.6  0 0
39.44 0 0
37.55 0 0
41.69 0 0
42.72 0 0
41.9  0 0
40.3  0 0
28.76 0 0
32.13 0 0
26.23 0 0
40.92 0 0
36.34 0 0
33.1  0 0
36.07 0 0
43.3  0 0
47.03 0 0
37.17 0 0
24.72 0 0
32.65 0 0
45.23 0 0
49.15 0 0
35.34 0 0
40.78 0 0
36.31 0 0
40.38 0 0
43.21 0 0
36.57 0 0
43.59 0 0
46.09 0 0
47.58 0 0
46.6  0 0
44.81 0 0
40.03 0 0
47.9  0 0
43.51 0 0
42.7  0 0
31.33 0 0
39.33 0 0
51.49 0 0
54.69 0 0
55.48 0 0
53.82 0 0
41.6  0 0
49.53 0 0
33.01 0 0
29.77 0 0
29.91 0 0
39.59 0 0
45.75 0 0
38.89 0 0
29.59 0 0
23.1  0 0
7.68  0 0
16.3  0 0
9.38  0 0
12.35 0 0
33.2  0 0
39.05 0 0
37.78 0 0
32.29 0 0
