1227.5	0	0
1227.5	0	0
1210	0	0
1204.75	0	0
1208.5	0	0
1206.25	0	0
1194.25	0	0
1182.75	0	0
1193.85	0	0
1193.65	0	0
1195.4	0	0
1186	0	0
1186.25	0	0
1198.5	0	0
1186.5	0	0
1183	0	0
1169	0	0
1137	0	0
1128.5	0	0
1133.5	0	0
1131.25	0	0
1118.75	0	0
1104	0	0
1086.95	0	0
1101.75	0	0
1089.25	0	0
1083.5	0	0
1083	0	0
1086.5	0	0
1095.5	0	0
1102	0	0
1084.25	0	0
1076	0	0
1088.25	0	0
1096	0	0
1095.75	0	0
1078.75	0	0
1088.5	0	0
1093.25	0	0
1098.5	0	0
1093.75	0	0
1053	0	0
1068.55	0	0
1119.25	0	0
1117.75	0	0
1118	0	0
1126	0	0
1131.5	0	0
1127	0	0
1143.9	0	0
1131.15	0	0
1118.5	0	0
1124.25	0	0
1119.25	0	0
1125.75	0	0
1137	0	0
1126.5	0	0
1130.5	0	0
1115	0	0
1108.5	0	0
1105.6	0	0
1091	0	0
1097	0	0
1087.75	0	0
1092.25	0	0
1105.4	0	0
1097.3	0	0
1079.5	0	0
1087	0	0
1084.5	0	0
1102	0	0
1140.75	0	0
1140	0	0
1133	0	0
1137	0	0
1112.75	0	0
1125.5	0	0
1133.75	0	0
1146	0	0
1159.75	0	0
1159.75	0	0
1159.75	0	0
1164	0	0
1166	0	0
1161.5	0	0
1160.25	0	0
1160.25	0	0
1162.5	0	0
1134.75	0	0
1149.25	0	0
1152	0	0
1137.5	0	0
1140.75	0	0
1151.5	0	0
1145.9	0	0
1161.95	0	0
1168.5	0	0
1184.25	0	0
1168	0	0
1162.25	0	0
1160	0	0
1161	0	0
1165.5	0	0
1168.25	0	0
1158.25	0	0
1149	0	0
1149	0	0
1125	0	0
1119	0	0
1113.25	0	0
1106.5	0	0
1098.25	0	0
1097	0	0
1079.25	0	0
1096.75	0	0
1100	0	0
1084.5	0	0
1100.5	0	0
1108.25	0	0
1107.8	0	0
1130.4	0	0
1137.5	0	0
1125.5	0	0
1120.75	0	0
1131.5	0	0
1120.25	0	0
1137.25	0	0
1138	0	0
1142.25	0	0
1140.75	0	0
1139.5	0	0
1133.5	0	0
1128.5	0	0
1129.25	0	0
1120	0	0
1122	0	0
1114	0	0
1126	0	0
1128.75	0	0
1122.5	0	0
1121.05	0	0
1125.75	0	0
1124.5	0	0
1145	0	0
1151.25	0	0
1147.75	0	0
1150.75	0	0
1151	0	0
1144.75	0	0
1152.5	0	0
1161	0	0
1154	0	0
1161.25	0	0
1154	0	0
1145	0	0
1144.5	0	0
1148	0	0
1144	0	0
1137	0	0
1153	0	0
1162.75	0	0
1186	0	0
1194	0	0
1183	0	0
1186	0	0
1183	0	0
1187.5	0	0
1196.5	0	0
1181	0	0
1185	0	0
1180.25	0	0
1180.25	0	0
1196.5	0	0
1191	0	0
1189	0	0
1205.25	0	0
1225	0	0
1219	0	0
1216.5	0	0
1223.5	0	0
1248	0	0
1241	0	0
1264.25	0	0
1249	0	0
1245.4	0	0
1220.1	0	0
1230	0	0
1203	0	0
1214	0	0
1234.5	0	0
1223	0	0
1235	0	0
1205.5	0	0
1194	0	0
1177	0	0
1182	0	0
1164	0	0
1151.75	0	0
1139.25	0	0
1151	0	0
1139	0	0
1099.25	0	0
1099	0	0
1102.25	0	0
1097.5	0	0
1103.4	0	0
1074	0	0
1060.5	0	0
1059.5	0	0
1062	0	0
1064.25	0	0
1068	0	0
1076.5	0	0
1060.25	0	0
1048.5	0	0
1052.75	0	0
1067	0	0
1075.5	0	0
1087	0	0
1089.25	0	0
1081.1	0	0
1078.5	0	0
1073.5	0	0
1086.25	0	0
1068.59	0	0
1055.42	0	0
1049.5	0	0
1052.75	0	0
1050.5	0	0
1052.25	0	0
1044	0	0
1040.5	0	0
1038	0	0
1035.25	0	0
1041.75	0	0
1056.75	0	0
1051	0	0
1056	0	0
1052.25	0	0
1050.5	0	0
1051	0	0
1045.75	0	0
1053.5	0	0
1054.5	0	0
1075.5	0	0
1095.5	0	0
1096.25	0	0
1083.5	0	0
1082.25	0	0
1085.5	0	0
1074.45	0	0
1064	0	0
1066	0	0
1038.5	0	0
1042.5	0	0
1045.9	0	0
1045.9	0	0
1045.9	0	0
1028	0	0
1032.5	0	0
1025.5	0	0
1025.5	0	0
1011.5	0	0
1012	0	0
1015	0	0
1011	0	0
1028.5	0	0
1023	0	0
1023.65	0	0
1031.75	0	0
1044.95	0	0
1040.5	0	0
1030.75	0	0
1026.75	0	0
1031.75	0	0
1037.25	0	0
1048.75	0	0
1045	0	0
1033	0	0
1042.5	0	0
1045.5	0	0
1046.25	0	0
1050	0	0
1039.75	0	0
1033	0	0
1038	0	0
1028	0	0
1037.5	0	0
1024	0	0
1038	0	0
1021.25	0	0
1015.5	0	0
1011	0	0
1015.25	0	0
1021.25	0	0
1013.75	0	0
1014.25	0	0
1013	0	0
1008.25	0	0
1009.5	0	0
1014.5	0	0
1024.5	0	0
1021	0	0
1029.75	0	0
1037.5	0	0
1033	0	0
1035	0	0
1036.25	0	0
1020.25	0	0
1012	0	0
1012	0	0
1004.5	0	0
999.5	0	0
996.5	0	0
1000.25	0	0
1001.95	0	0
1010.5	0	0
997	0	0
997	0	0
999	0	0
998.5	0	0
991	0	0
989.75	0	0
986.5	0	0
988	0	0
977.5	0	0
967.5	0	0
974	0	0
982.75	0	0
987	0	0
974.25	0	0
971	0	0
971	0	0
974.7	0	0
978	0	0
978	0	0
978	0	0
967.25	0	0
971	0	0
965	0	0
967.25	0	0
959.25	0	0
960.5	0	0
967	0	0
966.75	0	0
958	0	0
952	0	0
957.5	0	0
959.75	0	0
959.75	0	0
949.25	0	0
949.25	0	0
940.75	0	0
946.25	0	0
942.15	0	0
944.95	0	0
933	0	0
931.25	0	0
935	0	0
944.5	0	0
945	0	0
939.25	0	0
931.75	0	0
931.5	0	0
932.75	0	0
921.5	0	0
921.5	0	0
916.75	0	0
921	0	0
913	0	0
911.5	0	0
906	0	0
913.75	0	0
915	0	0
902	0	0
903.75	0	0
901.25	0	0
893.25	0	0
899.9	0	0
908.55	0	0
906	0	0
899	0	0
897.5	0	0
890.5	0	0
885.75	0	0
887.75	0	0
884.25	0	0
886.5	0	0
894.5	0	0
875.5	0	0
875	0	0
874	0	0
863	0	0
866	0	0
864.5	0	0
865	0	0
860.8	0	0
859.35	0	0
862.4	0	0
855.65	0	0
849.7	0	0
839.5	0	0
848.5	0	0
850.35	0	0
846.5	0	0
850.5	0	0
846.75	0	0
852.25	0	0
844.5	0	0
844.75	0	0
845.06	0	0
843	0	0
840.5	0	0
832	0	0
842.75	0	0
840.1	0	0
829.9	0	0
822	0	0
821.75	0	0
824	0	0
825	0	0
812.25	0	0
832.5	0	0
830.75	0	0
832	0	0
857	0	0
843.75	0	0
814.5	0	0
826.25	0	0
835.25	0	0
836.5	0	0
836.5	0	0
836.5	0	0
824.75	0	0
821.5	0	0
825.5	0	0
818.5	0	0
826	0	0
822	0	0
814.75	0	0
807	0	0
808	0	0
819.3	0	0
810.45	0	0
809	0	0
814.5	0	0
804.5	0	0
805.75	0	0
788	0	0
778.5	0	0
774	0	0
770	0	0
779	0	0
779.5	0	0
786	0	0
777.25	0	0
775.25	0	0
773.1	0	0
771	0	0
767.5	0	0
771.5	0	0
773.25	0	0
770.5	0	0
763.5	0	0
767.75	0	0
778.75	0	0
752.5	0	0
762.75	0	0
758.75	0	0
749	0	0
753	0	0
748.5	0	0
754.5	0	0
755.5	0	0
748.75	0	0
764.5	0	0
755	0	0
753.75	0	0
751	0	0
759.5	0	0
747	0	0
752.5	0	0
741.25	0	0
737.5	0	0
741.5	0	0
767.2	0	0
779.25	0	0
791.75	0	0
798.5	0	0
802	0	0
801.75	0	0
793.75	0	0
783.5	0	0
785	0	0
779.75	0	0
782.75	0	0
785	0	0
773.5	0	0
776	0	0
770.5	0	0
785.75	0	0
759.5	0	0
770.5	0	0
769.4	0	0
765.25	0	0
756.25	0	0
741.25	0	0
744	0	0
744.75	0	0
745.25	0	0
742.5	0	0
747	0	0
755	0	0
760.25	0	0
767	0	0
775.75	0	0
775.75	0	0
775.75	0	0
775.75	0	0
770	0	0
771.5	0	0
771.5	0	0
771.5	0	0
769.75	0	0
793.9	0	0
809	0	0
829.25	0	0
812	0	0
810	0	0
809.75	0	0
810.25	0	0
825.5	0	0
807.25	0	0
816	0	0
801.5	0	0
790	0	0
771.5	0	0
779.5	0	0
781	0	0
786.75	0	0
780.25	0	0
777.25	0	0
765.5	0	0
771	0	0
775	0	0
795.5	0	0
784.5	0	0
778.75	0	0
780	0	0
775.25	0	0
773.2	0	0
755.25	0	0
761	0	0
773.25	0	0
773.25	0	0
768	0	0
764	0	0
762.5	0	0
768.75	0	0
772.5	0	0
765.25	0	0
767	0	0
772.75	0	0
785	0	0
793.25	0	0
795	0	0
805.5	0	0
796.45	0	0
806.75	0	0
816.75	0	0
823	0	0
821.25	0	0
820.25	0	0
817.25	0	0
813.75	0	0
818.75	0	0
848.5	0	0
839.25	0	0
838	0	0
821.75	0	0
818.5	0	0
817.75	0	0
829.25	0	0
828.25	0	0
823.25	0	0
823.25	0	0
823.25	0	0
834.25	0	0
819.75	0	0
805.75	0	0
806.75	0	0
796	0	0
798.75	0	0
799.5	0	0
794.25	0	0
792.75	0	0
797.25	0	0
811.25	0	0
817.5	0	0
809	0	0
806	0	0
810.75	0	0
814	0	0
807.75	0	0
806	0	0
811	0	0
817.75	0	0
802.5	0	0
788.25	0	0
796.5	0	0
797.25	0	0
797.25	0	0
795.5	0	0
795	0	0
788	0	0
773.75	0	0
774.6	0	0
771.8	0	0
766	0	0
764.75	0	0
755	0	0
740.5	0	0
747.5	0	0
751.5	0	0
754	0	0
752.5	0	0
749.75	0	0
760.25	0	0
754.25	0	0
759	0	0
765.5	0	0
765.5	0	0
765.5	0	0
776.75	0	0
777.5	0	0
773.5	0	0
776.5	0	0
772	0	0
770.25	0	0
764.35	0	0
758	0	0
754	0	0
759.5	0	0
756.25	0	0
749.75	0	0
757	0	0
761.75	0	0
777.5	0	0
775.75	0	0
784	0	0
805	0	0
806	0	0
797.6	0	0
798.1	0	0
798.25	0	0
816.75	0	0
816	0	0
816.75	0	0
810	0	0
818.75	0	0
823.25	0	0
825.75	0	0
817.5	0	0
808	0	0
812.25	0	0
813.25	0	0
788.75	0	0
766	0	0
759.5	0	0
759.25	0	0
757.75	0	0
762	0	0
757.25	0	0
756	0	0
752	0	0
740	0	0
738	0	0
744.75	0	0
737.75	0	0
742	0	0
738.75	0	0
731.75	0	0
731.75	0	0
722.75	0	0
748	0	0
739.25	0	0
756.5	0	0
758	0	0
755.75	0	0
763	0	0
764.25	0	0
764.25	0	0
765.5	0	0
767.5	0	0
762.5	0	0
764.75	0	0
763.5	0	0
752	0	0
755	0	0
753.5	0	0
756.5	0	0
758.45	0	0
774.75	0	0
778.25	0	0
776.25	0	0
774	0	0
766.5	0	0
766	0	0
750.25	0	0
750.25	0	0
751	0	0
745.75	0	0
736.5	0	0
743.25	0	0
748.75	0	0
743.25	0	0
742	0	0
744.25	0	0
746	0	0
746.25	0	0
738.5	0	0
740.5	0	0
745	0	0
747.5	0	0
747.65	0	0
749.4	0	0
740	0	0
745	0	0
742.5	0	0
762	0	0
760.75	0	0
763.5	0	0
757.25	0	0
755	0	0
764	0	0
773.5	0	0
771.25	0	0
770.5	0	0
773.5	0	0
783.5	0	0
775.75	0	0
768	0	0
762.5	0	0
764.75	0	0
738.2	0	0
746	0	0
745.5	0	0
741.5	0	0
752.5	0	0
747.25	0	0
752.5	0	0
750.25	0	0
745.75	0	0
764.75	0	0
780.5	0	0
781.25	0	0
780	0	0
775.75	0	0
786	0	0
801.5	0	0
819.5	0	0
803.75	0	0
804	0	0
804.25	0	0
804.25	0	0
802.75	0	0
801	0	0
804	0	0
811.5	0	0
824.1	0	0
815.25	0	0
800.25	0	0
803.5	0	0
797.5	0	0
787.25	0	0
781.25	0	0
777.5	0	0
775.75	0	0
775.75	0	0
775.75	0	0
775.75	0	0
755.75	0	0
753.75	0	0
753.75	0	0
760	0	0
759.5	0	0
768.75	0	0
770	0	0
770	0	0
777.5	0	0
771.25	0	0
768	0	0
771.25	0	0
784.75	0	0
790.25	0	0
787.25	0	0
797	0	0
797.75	0	0
802	0	0
802.25	0	0
797.75	0	0
779.5	0	0
778.5	0	0
778.5	0	0
793.25	0	0
806	0	0
807.75	0	0
797.25	0	0
796.5	0	0
789	0	0
775.25	0	0
786.25	0	0
785.25	0	0
785.45	0	0
772.25	0	0
768.5	0	0
763.75	0	0
760.5	0	0
765.75	0	0
772.5	0	0
779.25	0	0
779.25	0	0
794	0	0
804.75	0	0
809	0	0
800.75	0	0
803.25	0	0
798	0	0
786	0	0
793.25	0	0
811.5	0	0
803.5	0	0
814.75	0	0
803	0	0
796.5	0	0
787	0	0
792.75	0	0
794.75	0	0
796.25	0	0
783.65	0	0
793	0	0
786.75	0	0
787	0	0
776.5	0	0
769.75	0	0
760.75	0	0
758.5	0	0
765.25	0	0
760.25	0	0
743	0	0
751.5	0	0
759.25	0	0
754.5	0	0
751.75	0	0
746	0	0
758.75	0	0
757	0	0
764	0	0
763.5	0	0
769.75	0	0
769.75	0	0
769.75	0	0
751.5	0	0
748.75	0	0
750.75	0	0
751.75	0	0
753.5	0	0
761.75	0	0
772	0	0
769.25	0	0
760	0	0
760	0	0
753.75	0	0
755.75	0	0
759	0	0
766	0	0
762	0	0
786.5	0	0
790.5	0	0
798.5	0	0
790	0	0
782	0	0
777.5	0	0
793	0	0
787.25	0	0
780	0	0
780	0	0
784.5	0	0
780.25	0	0
769.25	0	0
777	0	0
798.75	0	0
801.5	0	0
796.5	0	0
802.5	0	0
805.25	0	0
790.75	0	0
785.5	0	0
775	0	0
780.5	0	0
783.5	0	0
783.5	0	0
791.5	0	0
801.25	0	0
798.75	0	0
787.75	0	0
786	0	0
791.25	0	0
788	0	0
783.25	0	0
787	0	0
785.5	0	0
788	0	0
802	0	0
804.5	0	0
805	0	0
815.5	0	0
812.75	0	0
813.4	0	0
817.5	0	0
821.5	0	0
837	0	0
836	0	0
828	0	0
829.25	0	0
833.25	0	0
834.5	0	0
836.75	0	0
840	0	0
844	0	0
849.5	0	0
854.25	0	0
851	0	0
842.25	0	0
859.25	0	0
853	0	0
847	0	0
848.5	0	0
845.75	0	0
857	0	0
822.5	0	0
819.5	0	0
816.5	0	0
814.75	0	0
820.85	0	0
794.55	0	0
783	0	0
796	0	0
796.25	0	0
799	0	0
797.5	0	0
797.5	0	0
791.5	0	0
795.75	0	0
796	0	0
809	0	0
810.5	0	0
814.5	0	0
824.25	0	0
808.75	0	0
817.5	0	0
819.5	0	0
809.25	0	0
810.5	0	0
813.25	0	0
806.5	0	0
811.75	0	0
810	0	0
811.75	0	0
811.25	0	0
822.5	0	0
821.75	0	0
823.5	0	0
836	0	0
838.25	0	0
835.5	0	0
830.5	0	0
829	0	0
828.5	0	0
835.75	0	0
843.75	0	0
859.25	0	0
880	0	0
875.5	0	0
887.55	0	0
884.8	0	0
916.5	0	0
890	0	0
908.75	0	0
919.75	0	0
907.25	0	0
922.75	0	0
922.5	0	0
932.25	0	0
923.5	0	0
911	0	0
916	0	0
915.25	0	0
938.25	0	0
931.75	0	0
951.25	0	0
909.75	0	0
931	0	0
923.5	0	0
918.75	0	0
902.5	0	0
902.25	0	0
913	0	0
930.5	0	0
922	0	0
930.75	0	0
888	0	0
909	0	0
910.75	0	0
892.75	0	0
897.75	0	0
915.25	0	0
909.5	0	0
912	0	0
926.5	0	0
938.75	0	0
946.25	0	0
961.9	0	0
969	0	0
964.5	0	0
969.25	0	0
960.5	0	0
967	0	0
974	0	0
972.5	0	0
980.25	0	0
974.25	0	0
980.75	0	0
972.5	0	0
983	0	0
989.5	0	0
973	0	0
988	0	0
989.5	0	0
989.5	0	0
989.5	0	0
994.5	0	0
998	0	0
1003.75	0	0
1003.75	0	0
1027	0	0
1032.15	0	0
1009.6	0	0
1006	0	0
1035	0	0
1025.75	0	0
1016.75	0	0
1013.25	0	0
1019.25	0	0
1003.5	0	0
1001	0	0
1009	0	0
1021.4	0	0
1025	0	0
1017.75	0	0
1014	0	0
998	0	0
997.5	0	0
1024.25	0	0
1012	0	0
1025.5	0	0
1035.25	0	0
1052.75	0	0
1051	0	0
1061.75	0	0
1065.25	0	0
1062.75	0	0
1057.75	0	0
1067.25	0	0
1086	0	0
1078.25	0	0
1091	0	0
1112	0	0
1093.5	0	0
1106.25	0	0
1104.5	0	0
1098	0	0
1124	0	0
1114.25	0	0
1130.25	0	0
1124	0	0
1137.25	0	0
1133.75	0	0
1083.25	0	0
1086	0	0
1108	0	0
1098.4	0	0
1079	0	0
1088.25	0	0
1105.75	0	0
1094.5	0	0
1106	0	0
1130.75	0	0
1112.75	0	0
1122.75	0	0
1128	0	0
1114.75	0	0
1089.25	0	0
1093.75	0	0
1074	0	0
1084.5	0	0
1089.75	0	0
1087	0	0
1093.9	0	0
1122.5	0	0
1109	0	0
1027.5	0	0
1041.5	0	0
1030	0	0
1022.5	0	0
1022.5	0	0
1022.5	0	0
1004	0	0
1012.5	0	0
997.25	0	0
1014.5	0	0
1014.25	0	0
1029.5	0	0
1003.5	0	0
1004.75	0	0
1022.25	0	0
1024	0	0
1034.5	0	0
1007.75	0	0
1028.5	0	0
1028	0	0
1028	0	0
1026.25	0	0
1034.75	0	0
1044	0	0
1018.5	0	0
997.9	0	0
1007	0	0
1015.25	0	0
1000	0	0
1002.55	0	0
997.5	0	0
1007.5	0	0
1033.25	0	0
1036.25	0	0
1028.75	0	0
1048.25	0	0
1045.25	0	0
1071.5	0	0
1081.75	0	0
1092	0	0
1092	0	0
1096.75	0	0
1074.5	0	0
1092.75	0	0
1064.5	0	0
1085	0	0
1074.75	0	0
1055.25	0	0
1041.5	0	0
1010.5	0	0
995.5	0	0
1007.25	0	0
996.75	0	0
1008.25	0	0
1011.5	0	0
1004.75	0	0
951.5	0	0
962.75	0	0
984	0	0
979.5	0	0
981.5	0	0
962.75	0	0
973	0	0
967.25	0	0
973	0	0
993	0	0
981.35	0	0
996.75	0	0
1000	0	0
1001	0	0
1004.25	0	0
989.5	0	0
994.25	0	0
994.75	0	0
991.75	0	0
968.5	0	0
975.5	0	0
968.5	0	0
977.5	0	0
967.75	0	0
975.25	0	0
971.5	0	0
993.75	0	0
1022.25	0	0
1030.5	0	0
1026.5	0	0
1032.75	0	0
1018.25	0	0
1005.5	0	0
984.75	0	0
954.25	0	0
966	0	0
960	0	0
972.25	0	0
989.5	0	0
986.25	0	0
970	0	0
964.25	0	0
977.25	0	0
957	0	0
951.25	0	0
958	0	0
960	0	0
964.75	0	0
957.25	0	0
957.25	0	0
956.5	0	0
956.5	0	0
942.5	0	0
944.75	0	0
944.5	0	0
956.5	0	0
955.25	0	0
958.5	0	0
966.3	0	0
967.25	0	0
976.75	0	0
972	0	0
965.75	0	0
950.5	0	0
963.25	0	0
972.25	0	0
999.25	0	0
1003.75	0	0
1000.25	0	0
1014.5	0	0
1002.25	0	0
1055	0	0
1092.5	0	0
1090	0	0
1110	0	0
1104.25	0	0
1135.75	0	0
1143.5	0	0
1155	0	0
1170.25	0	0
1138.25	0	0
1056	0	0
1021.5	0	0
1047.75	0	0
1021.75	0	0
1029.25	0	0
1022	0	0
1033	0	0
1020.75	0	0
1001.75	0	0
1025.75	0	0
1022.5	0	0
1007.5	0	0
1049	0	0
1022.75	0	0
1023.25	0	0
1027.75	0	0
1064.5	0	0
1081.75	0	0
1062.25	0	0
1060.5	0	0
1064.75	0	0
1072.25	0	0
1100.25	0	0
1103.25	0	0
1103.5	0	0
1126	0	0
1152.75	0	0
1137	0	0
1127.25	0	0
1135.5	0	0
1147.75	0	0
1135.5	0	0
1133.75	0	0
1163.5	0	0
1158.5	0	0
1167.5	0	0
1153.25	0	0
1164	0	0
1157	0	0
1156.5	0	0
1127	0	0
1127.15	0	0
1115	0	0
1146.4	0	0
1138.25	0	0
1172.25	0	0
1193.25	0	0
1209.5	0	0
1221.75	0	0
1215	0	0
1202.75	0	0
1194	0	0
1223	0	0
1223	0	0
1223	0	0
1234.5	0	0
1253	0	0
1253.5	0	0
1253.5	0	0
1174	0	0
1209	0	0
1215	0	0
1235	0	0
1222.75	0	0
1226.75	0	0
1222.5	0	0
1228.25	0	0
1227.75	0	0
1234.5	0	0
1241.75	0	0
1272.5	0	0
1258.75	0	0
1279.75	0	0
1278.75	0	0
1262.75	0	0
1276	0	0
1268.25	0	0
1284.5	0	0
1292	0	0
1287.5	0	0
1276.25	0	0
1292.25	0	0
1273	0	0
1286.5	0	0
1279.5	0	0
1276.25	0	0
1319.65	0	0
1308.7	0	0
1315.75	0	0
1315.25	0	0
1319.25	0	0
1346.5	0	0
1357.75	0	0
1351.5	0	0
1375	0	0
1380	0	0
1361	0	0
1365.75	0	0
1374.25	0	0
1371	0	0
1364.75	0	0
1384.5	0	0
1376.75	0	0
1395	0	0
1402.25	0	0
1421.75	0	0
1413	0	0
1419.75	0	0
1406.5	0	0
1418.75	0	0
1417.25	0	0
1349	0	0
1368.75	0	0
1358.5	0	0
1364	0	0
1305.25	0	0
1314	0	0
1314	0	0
1314	0	0
1310.75	0	0
1338.25	0	0
1352.75	0	0
1324.5	0	0
1323.5	0	0
1332.5	0	0
1343	0	0
1350.5	0	0
1343.75	0	0
1357.25	0	0
1337.75	0	0
1282.5	0	0
1234.75	0	0
1262.75	0	0
1249.25	0	0
1282.5	0	0
1304.75	0	0
1279.5	0	0
1289.75	0	0
1281	0	0
1268.75	0	0
1261	0	0
1258.25	0	0
1286	0	0
1286	0	0
1261.75	0	0
1231.25	0	0
1242.75	0	0
1242.5	0	0
1251.75	0	0
1262	0	0
1253.25	0	0
1221.15	0	0
1214	0	0
1213.75	0	0
1230.5	0	0
1239.75	0	0
1224.25	0	0
1228.5	0	0
1241.75	0	0
1252	0	0
1267.25	0	0
1278.5	0	0
1274	0	0
1274	0	0
1279.5	0	0
1288.5	0	0
1320	0	0
1320.25	0	0
1297	0	0
1285	0	0
1284.5	0	0
1281.75	0	0
1281.15	0	0
1270	0	0
1246.5	0	0
1273	0	0
1290.25	0	0
1298.75	0	0
1294.5	0	0
1272	0	0
1274	0	0
1259.75	0	0
1256.25	0	0
1252	0	0
1220.75	0	0
1230.75	0	0
1211.5	0	0
1180	0	0
1171.75	0	0
1172	0	0
1201.5	0	0
1190.25	0	0
1209	0	0
1216	0	0
1191.75	0	0
1185.5	0	0
1201.55	0	0
1182.45	0	0
1156.25	0	0
1188	0	0
1216.25	0	0
1190.25	0	0
1206.25	0	0
1190.5	0	0
1192.25	0	0
1213.5	0	0
1234.75	0	0
1243.75	0	0
1260.75	0	0
1264.5	0	0
1274	0	0
1275	0	0
1266.75	0	0
1266.25	0	0
1245.25	0	0
1258	0	0
1278.25	0	0
1288.15	0	0
1296.75	0	0
1318.5	0	0
1314	0	0
1319	0	0
1330.5	0	0
1352.5	0	0
1333.75	0	0
1329.5	0	0
1318.75	0	0
1336.75	0	0
1336.75	0	0
1340.25	0	0
1348.75	0	0
1402	0	0
1398.5	0	0
1380	0	0
1381.5	0	0
1369.5	0	0
1367	0	0
1377.25	0	0
1416	0	0
1395.5	0	0
1381.75	0	0
1355	0	0
1341.25	0	0
1394.5	0	0
1405.75	0	0
1429.5	0	0
1415.25	0	0
1406.25	0	0
1444.5	0	0
1437.5	0	0
1403.5	0	0
1410.5	0	0
1413.75	0	0
1405.25	0	0
1417.5	0	0
1451.75	0	0
1449.5	0	0
1470	0	0
1466.75	0	0
1484.75	0	0
1466.25	0	0
1459.75	0	0
1456.25	0	0
1507	0	0
1511.5	0	0
1507	0	0
1518	0	0
1452	0	0
1475.5	0	0
1512.75	0	0
1509.5	0	0
1541	0	0
1548.5	0	0
1537	0	0
1520.5	0	0
1540	0	0
1545.75	0	0
1561.25	0	0
1569.25	0	0
1576.25	0	0
1580	0	0
1592	0	0
1609	0	0
1605.5	0	0
1614	0	0
1602.5	0	0
1619	0	0
1638.25	0	0
1641	0	0
1625.5	0	0
1613.5	0	0
1642	0	0
1661	0	0
1680.75	0	0
1691	0	0
1706	0	0
1755.25	0	0
1763	0	0
1785.25	0	0
1784	0	0
1810.75	0	0
1814.75	0	0
1824	0	0
1778.25	0	0
1821.5	0	0
1798.25	0	0
1770	0	0
1819.5	0	0
1806	0	0
1806.75	0	0
1834.25	0	0
1885.25	0	0
1870.75	0	0
1870.75	0	0
1870.75	0	0
1877.75	0	0
1880.75	0	0
1900.5	0	0
1900.5	0	0
1913.5	0	0
1937.5	0	0
1954.25	0	0
1953	0	0
1952.25	0	0
1957.5	0	0
1987.75	0	0
2014.25	0	0
2047.25	0	0
2066	0	0
2071.5	0	0
2099.75	0	0
2123.5	0	0
2123.5	0	0
2170.5	0	0
2213	0	0
2284.75	0	0
2249.5	0	0
2234.5	0	0
2284	0	0
2289	0	0
2334	0	0
2364	0	0
2390.75	0	0
2378.25	0	0
2322.5	0	0
2284	0	0
2316.25	0	0
2176.75	0	0
2094	0	0
2161.25	0	0
2040	0	0
2019.75	0	0
2020	0	0
2103.75	0	0
2210.75	0	0
2202.5	0	0
2165.5	0	0
2244	0	0
2227	0	0
2339.5	0	0
2334	0	0
2375	0	0
2337.5	0	0
2305.75	0	0
2226.75	0	0
2202.5	0	0
2210.75	0	0
2270.6	0	0
2259	0	0
2277.5	0	0
2324	0	0
2375.75	0	0
2483	0	0
2475	0	0
2508.5	0	0
2514	0	0
2566.75	0	0
2589	0	0
2631.5	0	0
2627.5	0	0
2612.5	0	0
2678.5	0	0
2650.5	0	0
2742.5	0	0
2687.5	0	0
2793	0	0
2821	0	0
2841.1	0	0
2948	0	0
2987.5	0	0
3051	0	0
3053	0	0
3053	0	0
3053	0	0
3165	0	0
3190	0	0
3095	0	0
3343	0	0
3297	0	0
3411.5	0	0
3385	0	0
3217	0	0
3202	0	0
3202	0	0
3276.5	0	0
3243.5	0	0
3466.5	0	0
3476	0	0
3421	0	0
3505	0	0
3724	0	0
3907	0	0
3728	0	0
3457	0	0
3522	0	0
3490	0	0
3450	0	0
3280	0	0
3382	0	0
3600	0	0
3518	0	0
3600	0	0
3847	0	0
3847	0	0
3817	0	0
3727	0	0
3564	0	0
3649	0	0
3649	0	0
3511	0	0
3644	0	0
3327	0	0
3345	0	0
3258	0	0
2982	0	0
3002	0	0
3133	0	0
3136	0	0
3044	0	0
2959	0	0
2965	0	0
2978	0	0
2895	0	0
3026	0	0
2951	0	0
2970	0	0
3120	0	0
3239	0	0
3220	0	0
3323.5	0	0
3279	0	0
3404.5	0	0
3465.75	0	0
3512.5	0	0
3528.5	0	0
3524.5	0	0
3442.5	0	0
3468.25	0	0
3288	0	0
3246	0	0
3335	0	0
3164.5	0	0
3061.5	0	0
3116.5	0	0
3225	0	0
3192	0	0
3227	0	0
3297	0	0
3414	0	0
3398.5	0	0
3418	0	0
3311	0	0
3401	0	0
3397	0	0
3388.5	0	0
3481.5	0	0
3360.5	0	0
3235.25	0	0
3211.5	0	0
3287.5	0	0
3378.5	0	0
3174.5	0	0
3259	0	0
3369.5	0	0
3351	0	0
3340	0	0
3326.5	0	0
3354	0	0
3354	0	0
3284.5	0	0
3322.5	0	0
3429	0	0
3421	0	0
3471.5	0	0
3624	0	0
3728	0	0
3657	0	0
3495	0	0
3248	0	0
3275	0	0
3295.5	0	0
3269.5	0	0
3154.25	0	0
3311	0	0
3304	0	0
3326	0	0
3432.5	0	0
3403	0	0
3384	0	0
3402	0	0
3394	0	0
3355	0	0
3325	0	0
3350.5	0	0
3385	0	0
3292.5	0	0
3430.5	0	0
3583.5	0	0
3649.25	0	0
3690.5	0	0
3802	0	0
3778.5	0	0
3812.5	0	0
3992	0	0
3895	0	0
3909	0	0
3976	0	0
4005	0	0
3957	0	0
3926	0	0
4070.5	0	0
4120	0	0
4185	0	0
4193	0	0
4248	0	0
4252	0	0
4320	0	0
4344	0	0
4486.5	0	0
4556.5	0	0
4470	0	0
4570	0	0
4353.5	0	0
4289	0	0
4182	0	0
4223	0	0
4260	0	0
4058	0	0
4203	0	0
4332	0	0
4442	0	0
4534	0	0
4603	0	0
4556	0	0
4449	0	0
4404	0	0
4442	0	0
4487	0	0
4527	0	0
4587	0	0
4510	0	0
4346	0	0
4422	0	0
4417	0	0
4452	0	0
4347	0	0
4434	0	0
4399.5	0	0
4427	0	0
4382	0	0
4285	0	0
4172	0	0
4185	0	0
4185	0	0
4185	0	0
4263	0	0
4315	0	0
4290	0	0
4290	0	0
4189	0	0
4202	0	0
4149	0	0
3971	0	0
3775	0	0
3577	0	0
3818.5	0	0
3960.25	0	0
3846.25	0	0
3849	0	0
3781	0	0
3674	0	0
3661	0	0
3702	0	0
3733	0	0
3747	0	0
3737	0	0
3747	0	0
3676	0	0
3542	0	0
3422	0	0
3508	0	0
3408	0	0
3090	0	0
3112	0	0
3236	0	0
3174	0	0
3124	0	0
3115	0	0
3092.5	0	0
3211.5	0	0
3301.5	0	0
3416	0	0
3362	0	0
3375	0	0
3305	0	0
3344	0	0
3479	0	0
3609	0	0
3605	0	0
3582	0	0
3486	0	0
3479	0	0
3320	0	0
3247.5	0	0
3302	0	0
3352	0	0
3362	0	0
3252	0	0
3287	0	0
3218	0	0
3226	0	0
3324	0	0
3259.5	0	0
3206	0	0
3218	0	0
3114	0	0
3195	0	0
3146.5	0	0
3242	0	0
3186	0	0
3196.5	0	0
3248	0	0
3255	0	0
3142	0	0
3254	0	0
3501.5	0	0
3436	0	0
3436	0	0
3436	0	0
3542.25	0	0
3509	0	0
3498.5	0	0
3467.5	0	0
3483.5	0	0
3711	0	0
3667.5	0	0
3588.5	0	0
3672.5	0	0
3726	0	0
3725	0	0
3740	0	0
3692.5	0	0
3663	0	0
3750	0	0
3860	0	0
3870	0	0
4050	0	0
4188	0	0
4188	0	0
4127	0	0
4110	0	0
4035	0	0
4071.5	0	0
3965	0	0
3929.5	0	0
3855	0	0
3672	0	0
3724	0	0
3798	0	0
3721	0	0
3659	0	0
3569	0	0
3645	0	0
3645	0	0
3655	0	0
3597	0	0
3697	0	0
3777.25	0	0
3877.5	0	0
3799	0	0
3695	0	0
3659.5	0	0
3673	0	0
3772	0	0
3741	0	0
3697	0	0
3747	0	0
3769.5	0	0
3698	0	0
3614.5	0	0
3612	0	0
3515	0	0
3550	0	0
3533.5	0	0
3402	0	0
3346.5	0	0
3384	0	0
3338.5	0	0
3454	0	0
3434	0	0
3479	0	0
3430	0	0
3449.5	0	0
3442	0	0
3406.5	0	0
3510	0	0
3569	0	0
3622	0	0
3535	0	0
3547	0	0
3526	0	0
3588	0	0
3731	0	0
3726	0	0
3772	0	0
3673.5	0	0
3531	0	0
3502	0	0
3504	0	0
3587	0	0
3558.5	0	0
3518.75	0	0
3407	0	0
3390.5	0	0
3425	0	0
3500	0	0
3453	0	0
3384	0	0
3397	0	0
3309.5	0	0
3232	0	0
2988	0	0
3071	0	0
3068.5	0	0
2989	0	0
3099	0	0
3147	0	0
3127	0	0
3127	0	0
3074	0	0
3075	0	0
3043	0	0
3115	0	0
3040	0	0
2943	0	0
2812.5	0	0
2818.5	0	0
2770	0	0
2691.5	0	0
2753	0	0
2763.5	0	0
2886.5	0	0
2866.75	0	0
2782	0	0
2840	0	0
2986	0	0
2897.5	0	0
2876.75	0	0
2928	0	0
2933.5	0	0
3006	0	0
3094	0	0
3063	0	0
3107	0	0
3071.25	0	0
3117	0	0
3033	0	0
3067	0	0
2956	0	0
3003	0	0
3070	0	0
3074	0	0
3131.25	0	0
3141	0	0
3039	0	0
2966.5	0	0
2963.5	0	0
2953	0	0
2867.5	0	0
2899.75	0	0
2820	0	0
2854	0	0
2888	0	0
2886.5	0	0
2825	0	0
2806.5	0	0
2730	0	0
2776.5	0	0
2729	0	0
2823	0	0
2765.5	0	0
2791	0	0
2742	0	0
2636	0	0
2649	0	0
2678	0	0
2592.5	0	0
2525.25	0	0
2349	0	0
2359	0	0
2220.5	0	0
2226	0	0
2282	0	0
2391	0	0
2375	0	0
2479	0	0
2496	0	0
2586	0	0
2471.5	0	0
2414	0	0
2392	0	0
2381.25	0	0
2416.5	0	0
2369	0	0
2425.5	0	0
2456.5	0	0
2372	0	0
2320.5	0	0
2291.5	0	0
2305	0	0
2291	0	0
2301.25	0	0
2399.5	0	0
2399.5	0	0
2399.5	0	0
2399.5	0	0
2443.25	0	0
2411	0	0
2353.5	0	0
2353.5	0	0
2436	0	0
2564.5	0	0
2494.25	0	0
2484	0	0
2575	0	0
2488.5	0	0
2430.5	0	0
2382	0	0
2381	0	0
2282.75	0	0
2260.75	0	0
2268.5	0	0
2342	0	0
2207	0	0
2287.5	0	0
2187.5	0	0
2237	0	0
2260	0	0
2268.75	0	0
2359	0	0
2326	0	0
2494.5	0	0
2461	0	0
2452.5	0	0
2355	0	0
2373.5	0	0
2339	0	0
2444	0	0
2445.5	0	0
2471	0	0
2396.5	0	0
2332	0	0
2295.25	0	0
2345	0	0
2431	0	0
2392	0	0
2517.5	0	0
2478.5	0	0
2474.75	0	0
2470.5	0	0
2661.5	0	0
2771	0	0
2721	0	0
2810.75	0	0
2762.5	0	0
2799	0	0
2681.5	0	0
2632	0	0
2539.5	0	0
2530.25	0	0
2612.5	0	0
2612.5	0	0
2581	0	0
2455.5	0	0
2492.5	0	0
2379.5	0	0
2237	0	0
2237	0	0
2237	0	0
2295.5	0	0
2298.5	0	0
2377.25	0	0
2322.5	0	0
2292.75	0	0
2297	0	0
2338	0	0
2300.75	0	0
2342	0	0
2388	0	0
2323.5	0	0
2343.25	0	0
2314	0	0
2283	0	0
2271	0	0
2265.25	0	0
2313.75	0	0
2279.25	0	0
2247	0	0
2184	0	0
2235.75	0	0
2207.5	0	0
2209	0	0
2289.5	0	0
2275.25	0	0
2215	0	0
2205.5	0	0
2163.5	0	0
2193.5	0	0
2193.5	0	0
2252	0	0
2225.5	0	0
2190	0	0
2127.25	0	0
2150.5	0	0
2295.5	0	0
2259	0	0
2292.25	0	0
2342.25	0	0
2267	0	0
2251.5	0	0
2180.5	0	0
2086	0	0
2126.75	0	0
2126.75	0	0
2127.25	0	0
2096	0	0
1960.25	0	0
1980	0	0
1943.5	0	0
1911.75	0	0
1959.5	0	0
1929	0	0
1942.75	0	0
1956	0	0
1906.5	0	0
1892.75	0	0
1842.8	0	0
1873.1	0	0
1851.5	0	0
1842.5	0	0
1963.5	0	0
1907.5	0	0
1926.25	0	0
1898.75	0	0
1870.5	0	0
1842.5	0	0
1963.25	0	0
1902.5	0	0
1903.25	0	0
1900	0	0
1838.5	0	0
1757.5	0	0
1752	0	0
1817.5	0	0
1749.5	0	0
1856.5	0	0
1981.5	0	0
2015.5	0	0
1989.25	0	0
1822.5	0	0
1775.75	0	0
1821.5	0	0
1802	0	0
1845	0	0
1832.25	0	0
1914.75	0	0
1848.5	0	0
1833	0	0
1915	0	0
1869.75	0	0
1863.25	0	0
1897.25	0	0
1833.5	0	0
1756	0	0
1733.25	0	0
1752	0	0
1732.5	0	0
1672.75	0	0
1680	0	0
1606.75	0	0
1649.5	0	0
1649	0	0
1671.5	0	0
1652	0	0
1732.5	0	0
1732	0	0
1863.75	0	0
1811.25	0	0
1811.25	0	0
1768	0	0
1827.5	0	0
1776.75	0	0
1792.5	0	0
1762.5	0	0
1761	0	0
1767	0	0
1791	0	0
1728	0	0
1746.25	0	0
1696.5	0	0
1729.75	0	0
1775	0	0
1866.75	0	0
1743.5	0	0
1727.25	0	0
1696	0	0
1687.5	0	0
1751.5	0	0
1812.25	0	0
1741.5	0	0
1761.75	0	0
1773.75	0	0
1742.75	0	0
1664.5	0	0
1653.5	0	0
1648	0	0
1562	0	0
1581	0	0
1530.75	0	0
1528	0	0
1404	0	0
1470.35	0	0
1418	0	0
1440.5	0	0
1370.5	0	0
1273.25	0	0
1135.25	0	0
1184.5	0	0
1156.25	0	0
1126	0	0
1106	0	0
1168	0	0
1135	0	0
1152.25	0	0
1120.25	0	0
1233.25	0	0
1130.5	0	0
1095.5	0	0
1139.5	0	0
1208.75	0	0
1148	0	0
1066.75	0	0
1064	0	0
1076.75	0	0
1088	0	0
1136.5	0	0
1198.5	0	0
1189	0	0
1156	0	0
1218.5	0	0
1172.5	0	0
1179.75	0	0
1182.5	0	0
1215	0	0
1246	0	0
1262	0	0
1228.5	0	0
1210.75	0	0
1162	0	0
1169	0	0
1150.5	0	0
1147	0	0
1062.25	0	0
1089	0	0
1101	0	0
1087.75	0	0
1089.75	0	0
1046.75	0	0
1060.5	0	0
1067.25	0	0
1080	0	0
1084.5	0	0
1138.5	0	0
1157.5	0	0
1135.75	0	0
1126.5	0	0
1126.5	0	0
1126.5	0	0
1109.5	0	0
1125.75	0	0
1180.25	0	0
1180.25	0	0
1251.75	0	0
1272.75	0	0
1292.25	0	0
1265	0	0
1210.75	0	0
1270.75	0	0
1225.25	0	0
1283.25	0	0
1237	0	0
1239.25	0	0
1227	0	0
1247	0	0
1230.5	0	0
1131.5	0	0
1102.5	0	0
1149.5	0	0
1188	0	0
1130	0	0
1125.75	0	0
1098.25	0	0
1075	0	0
1092.5	0	0
1153.5	0	0
1158	0	0
1120.25	0	0
1161.25	0	0
1170.25	0	0
1140	0	0
1146.75	0	0
1131.15	0	0
1128.15	0	0
1103.75	0	0
1082.75	0	0
1092	0	0
1104.5	0	0
1077.5	0	0
1072.5	0	0
1087	0	0
1121.5	0	0
1113.75	0	0
1103	0	0
1074.5	0	0
1109	0	0
1201	0	0
1219.25	0	0
1205	0	0
1198.25	0	0
1238.5	0	0
1213.25	0	0
1201.2	0	0
1197.85	0	0
1222.75	0	0
1207.75	0	0
1161.75	0	0
1236.25	0	0
1232	0	0
1265.75	0	0
1245.75	0	0
1268.5	0	0
1318	0	0
1318.75	0	0
1284.5	0	0
1291.25	0	0
1284.25	0	0
1304.5	0	0
1342.25	0	0
1330	0	0
1324.5	0	0
1346.75	0	0
1366.25	0	0
1366.25	0	0
1366.25	0	0
1406.5	0	0
1487	0	0
1466	0	0
1530	0	0
1457	0	0
1446.5	0	0
1443.25	0	0
1391	0	0
1394.25	0	0
1343.5	0	0
1311.75	0	0
1386.5	0	0
1401	0	0
1492	0	0
1492	0	0
1503.75	0	0
1573.5	0	0
1558.5	0	0
1529.25	0	0
1515.75	0	0
1517.4	0	0
1447.25	0	0
1471.55	0	0
1467.15	0	0
1490.5	0	0
1494	0	0
1489.5	0	0
1416.5	0	0
1492.5	0	0
1492.5	0	0
1473.75	0	0
1433.75	0	0
1449.5	0	0
1541.75	0	0
1584.25	0	0
1555	0	0
1510.5	0	0
1550.5	0	0
1540	0	0
1517.5	0	0
1577.75	0	0
1597.25	0	0
1691	0	0
1661.25	0	0
1544.5	0	0
1538.5	0	0
1522.5	0	0
1535.5	0	0
1548	0	0
1472.75	0	0
1489.5	0	0
1582.5	0	0
1617.75	0	0
1556.5	0	0
1533.5	0	0
1522.5	0	0
1568	0	0
1544.75	0	0
1524	0	0
1537	0	0
1542.5	0	0
1482	0	0
1503.25	0	0
1469.25	0	0
1415.75	0	0
1473	0	0
1517.5	0	0
1526	0	0
1597.25	0	0
1643	0	0
1631.25	0	0
1662.25	0	0
1676	0	0
1668.5	0	0
1684.5	0	0
1664.5	0	0
1617.75	0	0
1685.75	0	0
1726	0	0
1820.5	0	0
1828.25	0	0
1899.5	0	0
1823.5	0	0
1872.25	0	0
1822	0	0
1786.75	0	0
1823	0	0
1883.25	0	0
1798.75	0	0
1743.5	0	0
1768	0	0
1781.5	0	0
1776.75	0	0
1806.5	0	0
1828.75	0	0
1821.5	0	0
1817	0	0
1803.5	0	0
1855.5	0	0
1855.5	0	0
1828	0	0
1802.75	0	0
1869.5	0	0
1902.75	0	0
1883	0	0
1957.75	0	0
1956.5	0	0
1896	0	0
1840.75	0	0
1806.75	0	0
1834	0	0
1912.25	0	0
1935	0	0
1886.5	0	0
1893.5	0	0
1919.75	0	0
1876.5	0	0
1837.5	0	0
1853	0	0
1850.5	0	0
1855.75	0	0
1943.25	0	0
1886	0	0
1853.25	0	0
1844.5	0	0
1896	0	0
1909.75	0	0
2059.5	0	0
2012.5	0	0
2067.25	0	0
1998	0	0
2007	0	0
2008.05	0	0
2026.15	0	0
2085.5	0	0
2103.5	0	0
2209.5	0	0
2225.75	0	0
2247.5	0	0
2289.75	0	0
2287.5	0	0
2164.25	0	0
2243.75	0	0
2133.63	0	0
2169	0	0
2153.75	0	0
2203	0	0
2193	0	0
2147.75	0	0
2133.75	0	0
2136.5	0	0
2157.75	0	0
2123.5	0	0
2147.5	0	0
2252.75	0	0
2236	0	0
2220.5	0	0
2185.75	0	0
2225.75	0	0
2240.75	0	0
2205	0	0
2276.5	0	0
2226.25	0	0
2200.25	0	0
2292.5	0	0
2342.25	0	0
2398.5	0	0
2378.75	0	0
2337.25	0	0
2272.5	0	0
2293.5	0	0
2278.25	0	0
2236.5	0	0
2263.75	0	0
2298.25	0	0
2298.75	0	0
2397.4	0	0
2354	0	0
2369.25	0	0
2398.75	0	0
2395.5	0	0
2502.5	0	0
2459.75	0	0
2459.75	0	0
2459.75	0	0
2511.5	0	0
2524.25	0	0
2529	0	0
2529	0	0
2542	0	0
2542.25	0	0
2686.25	0	0
2575.25	0	0
2489.75	0	0
2540.75	0	0
2444	0	0
2458.25	0	0
2474.5	0	0
2441.75	0	0
2454.25	0	0
2482.25	0	0
2421.5	0	0
2377	0	0
2329.75	0	0
2293	0	0
2296.25	0	0
2211.5	0	0
2138	0	0
2095	0	0
2134.5	0	0
2146.75	0	0
2081	0	0
2009.5	0	0
1924.25	0	0
2007.75	0	0
2089.75	0	0
2101.75	0	0
2184.5	0	0
2168.5	0	0
2190.5	0	0
2324.5	0	0
2276.75	0	0
2286.75	0	0
2341.75	0	0
2269.5	0	0
2196	0	0
2179.5	0	0
2090.5	0	0
2172	0	0
2194.75	0	0
2230	0	0
2294.75	0	0
2233.25	0	0
2323	0	0
2342.25	0	0
2346.25	0	0
2347.75	0	0
2312.2	0	0
2307.35	0	0
2250.5	0	0
2277.25	0	0
2317.5	0	0
2303.25	0	0
2264.25	0	0
2244.75	0	0
2207.75	0	0
2178.25	0	0
2213.5	0	0
2197.25	0	0
2299.5	0	0
2347	0	0
2344.75	0	0
2372.75	0	0
2372.75	0	0
2372.75	0	0
2415.25	0	0
2366.5	0	0
2346.25	0	0
2380.5	0	0
2389	0	0
2354.25	0	0
2427.25	0	0
2476.75	0	0
2390.25	0	0
2354.75	0	0
2414.5	0	0
2389.25	0	0
2383.25	0	0
2371	0	0
2407	0	0
2327	0	0
2296	0	0
2235.25	0	0
2253.25	0	0
2253.25	0	0
2113.25	0	0
2091.75	0	0
2081.25	0	0
2062	0	0
2107	0	0
2038	0	0
2068.75	0	0
2129.25	0	0
2024.75	0	0
1868.5	0	0
1908	0	0
1826.5	0	0
1844.25	0	0
1864.75	0	0
1901.25	0	0
1825	0	0
1858.5	0	0
1908.75	0	0
1904.5	0	0
1904.5	0	0
1819.75	0	0
1769.75	0	0
1713.25	0	0
1610	0	0
1596.5	0	0
1702.5	0	0
1722.25	0	0
1689.25	0	0
1709.25	0	0
1764.5	0	0
1807	0	0
1795	0	0
1731.75	0	0
1697	0	0
1740.75	0	0
1759.5	0	0
1795	0	0
1841.75	0	0
1841.5	0	0
1847.75	0	0
1709.75	0	0
1759.5	0	0
1708.5	0	0
1748.75	0	0
1775	0	0
1818	0	0
1822	0	0
1825.75	0	0
1875.25	0	0
1828.25	0	0
1839.25	0	0
1824.5	0	0
1782.5	0	0
1770.5	0	0
1781.5	0	0
1848.25	0	0
1890.25	0	0
1922	0	0
1879.15	0	0
1925.75	0	0
1880.95	0	0
1926.5	0	0
1963	0	0
1999	0	0
2095.25	0	0
2056.75	0	0
2091.75	0	0
2069	0	0
2100.25	0	0
2119.75	0	0
2054.25	0	0
2006	0	0
2027	0	0
2018.25	0	0
2043	0	0
2093.5	0	0
2105.75	0	0
2061.5	0	0
2029.5	0	0
2014.5	0	0
1960	0	0
1932	0	0
2019.75	0	0
2065	0	0
2065	0	0
2034.25	0	0
2103.25	0	0
2145	0	0
2121.75	0	0
2166.25	0	0
2159.75	0	0
2189.75	0	0
2125.25	0	0
2082.75	0	0
2121	0	0
2151	0	0
2118.25	0	0
2121.25	0	0
2124.5	0	0
2151	0	0
2113	0	0
2161	0	0
2220.25	0	0
2218	0	0
2177	0	0
2189.5	0	0
2195.25	0	0
2166	0	0
2200.5	0	0
2199	0	0
2281.75	0	0
2303.5	0	0
2232.5	0	0
2261.75	0	0
2301.75	0	0
2341.75	0	0
2381.25	0	0
2385.95	0	0
2394.85	0	0
2395.5	0	0
2359	0	0
2407.5	0	0
2444	0	0
2484.5	0	0
2536.75	0	0
2587.5	0	0
2483	0	0
2466.5	0	0
2396	0	0
2422.5	0	0
2427.75	0	0
2380	0	0
2487.75	0	0
2503	0	0
2453	0	0
2554.5	0	0
2500	0	0
2518.75	0	0
2372	0	0
2315.25	0	0
2131.5	0	0
2097.75	0	0
2168	0	0
2142.25	0	0
2120.75	0	0
2069.5	0	0
2107.25	0	0
2189	0	0
2094.5	0	0
2072.75	0	0
2104.75	0	0
2147.5	0	0
2252.25	0	0
2208	0	0
2209.75	0	0
2298	0	0
2301	0	0
2293	0	0
2273.5	0	0
2315.5	0	0
2288.25	0	0
2247	0	0
2209.5	0	0
2265	0	0
2277	0	0
2318.5	0	0
2319	0	0
2286.25	0	0
2296.25	0	0
2296.25	0	0
2296.25	0	0
2385.75	0	0
2398.75	0	0
2444	0	0
2444	0	0
2460.25	0	0
2457	0	0
2447.25	0	0
2436	0	0
2368.5	0	0
2393.25	0	0
2467.5	0	0
2451.5	0	0
2444.75	0	0
2439.75	0	0
2421	0	0
2374	0	0
2313.5	0	0
2301.5	0	0
2284.25	0	0
2203.75	0	0
2262.25	0	0
2243.75	0	0
2337.5	0	0
2409	0	0
2451.75	0	0
2454	0	0
2451.75	0	0
2485.75	0	0
2488.5	0	0
2491	0	0
2437.25	0	0
2429.5	0	0
2444.75	0	0
2500	0	0
2470.75	0	0
2459.75	0	0
2485.75	0	0
2527	0	0
2569	0	0
2460.25	0	0
2465.75	0	0
2444	0	0
2463.75	0	0
2492.5	0	0
2488	0	0
2452.25	0	0
2486.5	0	0
2436	0	0
2342.5	0	0
2366.25	0	0
2245.25	0	0
2264	0	0
2252.5	0	0
2301.75	0	0
2255	0	0
2263	0	0
2310.75	0	0
2304.25	0	0
2260	0	0
2310.5	0	0
2404.5	0	0
2403	0	0
2359.25	0	0
2321.5	0	0
2358.25	0	0
2321.5	0	0
2347.5	0	0
2380.75	0	0
2401	0	0
2403.5	0	0
2428	0	0
2431.25	0	0
2512.75	0	0
2524	0	0
2447.5	0	0
2400	0	0
2378.75	0	0
2380	0	0
2307.75	0	0
2310	0	0
2337.1	0	0
2343	0	0
2343	0	0
2343	0	0
2243.25	0	0
2224	0	0
2234	0	0
2234	0	0
2234	0	0
2227.75	0	0
2172.25	0	0
2106.25	0	0
2121.5	0	0
2147	0	0
2156.25	0	0
2143.25	0	0
2127.75	0	0
2134.5	0	0
2135	0	0
2070.25	0	0
2167.25	0	0
2114.5	0	0
2130.75	0	0
2097.5	0	0
2170.25	0	0
2226.5	0	0
2241	0	0
2255.75	0	0
2255.75	0	0
2246.75	0	0
2238.5	0	0
2201	0	0
2239.75	0	0
2253	0	0
2250.5	0	0
2271.25	0	0
2265	0	0
2235.5	0	0
2227	0	0
2261.5	0	0
2225	0	0
2182.75	0	0
2165.5	0	0
2146.75	0	0
2185.75	0	0
2226.75	0	0
2234.5	0	0
2229.75	0	0
2228.5	0	0
2254.25	0	0
2293.75	0	0
2342	0	0
2342	0	0
2373.75	0	0
2384.75	0	0
2354	0	0
2386.25	0	0
2329.75	0	0
2283	0	0
2319.75	0	0
2332.25	0	0
2321.75	0	0
2349.35	0	0
2402.75	0	0
2461.25	0	0
2424.25	0	0
2422	0	0
2467	0	0
2441	0	0
2502.5	0	0
2494.75	0	0
2495	0	0
2465.75	0	0
2435.75	0	0
2414.75	0	0
2350.5	0	0
2303	0	0
2173.5	0	0
2062	0	0
2072	0	0
2071.75	0	0
2157	0	0
2148.5	0	0
2154.25	0	0
2153.75	0	0
2187.75	0	0
2151.5	0	0
2165.75	0	0
2124.75	0	0
2162.25	0	0
2149.75	0	0
2202	0	0
2220.75	0	0
2220.75	0	0
2257.75	0	0
2264.25	0	0
2212.5	0	0
2170	0	0
2148	0	0
2165.25	0	0
2218.25	0	0
2230.75	0	0
2167.25	0	0
2193	0	0
2173	0	0
2140	0	0
2168.75	0	0
2137.6	0	0
2077	0	0
2058.75	0	0
2052.25	0	0
1986.75	0	0
1888	0	0
1858.5	0	0
1949.5	0	0
1918.5	0	0
1903.5	0	0
1837.75	0	0
1869.75	0	0
1837	0	0
1822.75	0	0
1846.75	0	0
1899.75	0	0
1929.5	0	0
1891.25	0	0
1925.25	0	0
1904	0	0
1912.5	0	0
1885.25	0	0
1861.5	0	0
1817.75	0	0
1720.25	0	0
1785.75	0	0
1855.75	0	0
1821	0	0
1834.5	0	0
1926.25	0	0
1968.5	0	0
1984.75	0	0
1899	0	0
1919	0	0
1962	0	0
1943.75	0	0
1944	0	0
1993.5	0	0
1926	0	0
1881.75	0	0
1914.25	0	0
1935.75	0	0
1898	0	0
1951	0	0
1916.5	0	0
1956.75	0	0
1907.5	0	0
1937.5	0	0
1915	0	0
1885.5	0	0
1907.25	0	0
1954.25	0	0
1955.5	0	0
2073.25	0	0
2049.5	0	0
2057.75	0	0
2037	0	0
2041.5	0	0
2020.75	0	0
1975.5	0	0
1995.75	0	0
1927	0	0
1910.75	0	0
1851.5	0	0
1847.75	0	0
1867.75	0	0
1833	0	0
1856.75	0	0
1837.25	0	0
1836.5	0	0
1840.5	0	0
1840.5	0	0
1840.5	0	0
1793.5	0	0
1815.75	0	0
1827.25	0	0
1827.25	0	0
1861.25	0	0
1853.5	0	0
1819	0	0
1839.25	0	0
1868.75	0	0
1921.25	0	0
1927.25	0	0
1959.75	0	0
1953.75	0	0
1957.75	0	0
1991.75	0	0
1989.25	0	0
2013	0	0
1993.5	0	0
2041.5	0	0
2107.75	0	0
2158.5	0	0
2189.25	0	0
2132.75	0	0
2107.25	0	0
2087.75	0	0
2113	0	0
2078.75	0	0
2138.75	0	0
2114.5	0	0
2105	0	0
2100.75	0	0
2148.25	0	0
2065.25	0	0
2058.75	0	0
2015.25	0	0
1992	0	0
1958.75	0	0
1924.75	0	0
1960.5	0	0
2006.75	0	0
2047.5	0	0
2030.75	0	0
2068.25	0	0
2085.5	0	0
2109.5	0	0
2091	0	0
2082	0	0
2097.25	0	0
2063	0	0
1991	0	0
1993.75	0	0
2031	0	0
2054.25	0	0
2076.25	0	0
2094.75	0	0
2059.75	0	0
2081.25	0	0
2069.6	0	0
2070.5	0	0
2022.5	0	0
2005.25	0	0
1984.5	0	0
1995.25	0	0
2011.75	0	0
2024	0	0
1989	0	0
1998.75	0	0
1995	0	0
2003.25	0	0
2022.5	0	0
1976.25	0	0
2000	0	0
2000	0	0
2000	0	0
1992	0	0
2000.25	0	0
2045	0	0
1986.75	0	0
1997	0	0
1980.5	0	0
1978.5	0	0
1986.25	0	0
2014	0	0
1974.25	0	0
1986.25	0	0
1991.75	0	0
2028	0	0
2034	0	0
2054.5	0	0
2046.5	0	0
2010.5	0	0
1978	0	0
1992.25	0	0
1992.25	0	0
1972	0	0
1937.5	0	0
1965.75	0	0
1950.25	0	0
1921	0	0
1935.25	0	0
1899.5	0	0
1897	0	0
1893.5	0	0
1898.25	0	0
1904.25	0	0
1868.5	0	0
1877.75	0	0
1902.75	0	0
1902.75	0	0
1910.5	0	0
1887	0	0
1865.5	0	0
1885	0	0
1885	0	0
1885	0	0
1871.25	0	0
1903.25	0	0
1863.25	0	0
1887.75	0	0
1876.5	0	0
1882.5	0	0
1901.25	0	0
1913.75	0	0
1885	0	0
1901.5	0	0
1862.75	0	0
1818	0	0
1795.5	0	0
1804.75	0	0
1776.75	0	0
1757.75	0	0
1795.75	0	0
1880.5	0	0
1873	0	0
1902	0	0
1892.5	0	0
1848	0	0
1841	0	0
1848.75	0	0
1826	0	0
1851.25	0	0
1847	0	0
1872.25	0	0
1885	0	0
1858.5	0	0
1861.75	0	0
1881.25	0	0
1832.75	0	0
1806	0	0
1787	0	0
1792	0	0
1807.75	0	0
1851	0	0
1853.25	0	0
1832.5	0	0
1811.75	0	0
1801.25	0	0
1829	0	0
1838.25	0	0
1862.25	0	0
1858.25	0	0
1847	0	0
1819	0	0
1798.75	0	0
1797.75	0	0
1780.75	0	0
1761.5	0	0
1773.25	0	0
1771.25	0	0
1786.75	0	0
1814.75	0	0
1842.5	0	0
1858.75	0	0
1858.75	0	0
1849.75	0	0
1831.5	0	0
1809.25	0	0
1815.75	0	0
1849.75	0	0
1853.5	0	0
1867.25	0	0
1887	0	0
1946	0	0
1989.25	0	0
1991.25	0	0
1987	0	0
2004.5	0	0
2085.75	0	0
2056.75	0	0
2078.25	0	0
2094.75	0	0
2085	0	0
2086.5	0	0
2072.5	0	0
2105.5	0	0
2039	0	0
2053.25	0	0
2064.25	0	0
2074.25	0	0
2063.75	0	0
2050.25	0	0
2032	0	0
2042.75	0	0
1997.75	0	0
1969.25	0	0
1936	0	0
1928.95	0	0
1897.1	0	0
1875.25	0	0
1858	0	0
1881.25	0	0
1882	0	0
1846.25	0	0
1815.5	0	0
1806.5	0	0
1815.25	0	0
1796.25	0	0
1794.75	0	0
1784	0	0
1815.25	0	0
1828.75	0	0
1849.25	0	0
1836	0	0
1830	0	0
1862.75	0	0
1862.25	0	0
1899	0	0
1862.5	0	0
1906	0	0
1910.25	0	0
1924.75	0	0
1929	0	0
1892.25	0	0
1914.25	0	0
1912.25	0	0
1892.75	0	0
1902	0	0
1941.5	0	0
1963.75	0	0
1972	0	0
1968	0	0
2013	0	0
2029.25	0	0
2021.25	0	0
2002.25	0	0
2005.25	0	0
2000.5	0	0
2004.75	0	0
2057.5	0	0
2054.5	0	0
2070.5	0	0
2049.85	0	0
2064.55	0	0
2057.25	0	0
2054.75	0	0
2053.75	0	0
2037	0	0
2051.5	0	0
2038	0	0
2038	0	0
2038	0	0
2073.5	0	0
2022	0	0
2049.5	0	0
2049.5	0	0
2108.5	0	0
2058.25	0	0
2008.75	0	0
1985.75	0	0
1987	0	0
1986.25	0	0
2014	0	0
1991.25	0	0
1972	0	0
1968.75	0	0
1955	0	0
1989.25	0	0
2016.75	0	0
2015.25	0	0
2035.5	0	0
2066.25	0	0
2074	0	0
2066.25	0	0
2060.75	0	0
2072.5	0	0
2133.75	0	0
2125.25	0	0
2155.75	0	0
2161.25	0	0
2150.25	0	0
2143	0	0
2139.5	0	0
2181.75	0	0
2167.25	0	0
2185	0	0
2169	0	0
2163.25	0	0
2146.5	0	0
2128	0	0
2130.25	0	0
2107.75	0	0
2088.5	0	0
2069.75	0	0
2076.75	0	0
2091	0	0
2073	0	0
2046.25	0	0
1997.5	0	0
1975.25	0	0
1982.5	0	0
1956	0	0
1970.75	0	0
1955	0	0
1937.5	0	0
1961.75	0	0
1953.25	0	0
1943.75	0	0
1919	0	0
1884.25	0	0
1891	0	0
1898.5	0	0
1904.75	0	0
1922.5	0	0
1914.75	0	0
1872.5	0	0
1878	0	0
1864.5	0	0
1864.5	0	0
1864.5	0	0
1817.75	0	0
1821.75	0	0
1855.5	0	0
1851.25	0	0
1859.25	0	0
1887.5	0	0
1875.75	0	0
1878.25	0	0
1839.6	0	0
1832.75	0	0
1859.75	0	0
1841	0	0
1854.5	0	0
1851	0	0
1844.75	0	0
1842.75	0	0
1884.25	0	0
1902.75	0	0
1861.75	0	0
1871.5	0	0
1834.25	0	0
1805.75	0	0
1785.25	0	0
1853	0	0
1853	0	0
1837.75	0	0
1860.75	0	0
1839.75	0	0
1827.5	0	0
1830.5	0	0
1814	0	0
1791.75	0	0
1801.25	0	0
1809.5	0	0
1822.5	0	0
1819.25	0	0
1848.25	0	0
1824.75	0	0
1821.5	0	0
1821.5	0	0
1834	0	0
1848.75	0	0
1881.75	0	0
1893.75	0	0
1919	0	0
1931.25	0	0
1929.75	0	0
1897.75	0	0
1869	0	0
1853.5	0	0
1817	0	0
1828.25	0	0
1803	0	0
1823.25	0	0
1821.5	0	0
1820.25	0	0
1822.5	0	0
1792.75	0	0
1807.25	0	0
1788.25	0	0
1814	0	0
1803.5	0	0
1817.5	0	0
1821	0	0
1858	0	0
1864.5	0	0
1831.5	0	0
1831.75	0	0
1808.5	0	0
1846	0	0
1833.75	0	0
1864.5	0	0
1867	0	0
1868.75	0	0
1856	0	0
1851.75	0	0
1818	0	0
1821	0	0
1829.25	0	0
1841.25	0	0
1851	0	0
1849.75	0	0
1842.75	0	0
1820.25	0	0
1808.5	0	0
1797.5	0	0
1804	0	0
1816.75	0	0
1828	0	0
1831.25	0	0
1819	0	0
1808.75	0	0
1857.25	0	0
1907	0	0
1904.5	0	0
1904.75	0	0
1915.25	0	0
1921	0	0
1969.25	0	0
1948.5	0	0
1948	0	0
1927	0	0
1936	0	0
1949.75	0	0
1949.75	0	0
1945.5	0	0
1920	0	0
1898.25	0	0
1868.5	0	0
1870	0	0
1870.5	0	0
1835	0	0
1831.25	0	0
1855.25	0	0
1846	0	0
1834.75	0	0
1834.25	0	0
1839.25	0	0
1831.25	0	0
1827.5	0	0
1820.25	0	0
1830.25	0	0
1868.25	0	0
1834	0	0
1856.5	0	0
1837	0	0
1849	0	0
1861.5	0	0
1871	0	0
1881.75	0	0
1840	0	0
1851.25	0	0
1830	0	0
1835	0	0
1836	0	0
1845	0	0
1847.5	0	0
1857.5	0	0
1879.75	0	0
1888.75	0	0
1889.25	0	0
1888.75	0	0
1894.25	0	0
1898	0	0
1905.25	0	0
1928.5	0	0
1896.5	0	0
1900.5	0	0
1920.5	0	0
1932.5	0	0
1933	0	0
1934.5	0	0
1919	0	0
1906.25	0	0
1888	0	0
1886.5	0	0
1876.25	0	0
1868.5	0	0
1872.75	0	0
1861.5	0	0
1851	0	0
1851.25	0	0
1856	0	0
1869	0	0
1854	0	0
1865.25	0	0
1859.25	0	0
1861.5	0	0
1882	0	0
1874	0	0
1858.25	0	0
1843.25	0	0
1844.25	0	0
1866	0	0
1857	0	0
1854	0	0
1874.75	0	0
1877.75	0	0
1888.75	0	0
1916	0	0
1948.75	0	0
1967	0	0
1958.25	0	0
1975.75	0	0
1987.75	0	0
1998.25	0	0
1979.25	0	0
1979	0	0
2037.5	0	0
2058.75	0	0
2082	0	0
2082	0	0
2082	0	0
2100.5	0	0
2105.5	0	0
2053	0	0
2053	0	0
2075	0	0
2035.5	0	0
2042.5	0	0
2046.5	0	0
2028	0	0
2002.25	0	0
2026.25	0	0
2064.5	0	0
2073	0	0
2081.5	0	0
2074.5	0	0
2079	0	0
2076	0	0
2090.5	0	0
2079	0	0
2033.75	0	0
2006	0	0
1996	0	0
1989.25	0	0
1978.25	0	0
1971.25	0	0
1964	0	0
1954.75	0	0
1952.75	0	0
1971	0	0
2012.5	0	0
2030	0	0
2006.25	0	0
1996.25	0	0
2018.75	0	0
2023.75	0	0
2043.75	0	0
2064.25	0	0
2072	0	0
2059.75	0	0
2049.75	0	0
2046	0	0
2052	0	0
2064	0	0
2077.5	0	0
2084.5	0	0
2111	0	0
2107	0	0
2146.75	0	0
2128.5	0	0
2124	0	0
2083	0	0
2057	0	0
2015	0	0
1992	0	0
1984.5	0	0
1978.25	0	0
1952.75	0	0
1969.25	0	0
1971.5	0	0
1943	0	0
1943.75	0	0
1933.75	0	0
1982.25	0	0
1959.75	0	0
1960.75	0	0
1963	0	0
1970.25	0	0
1962.25	0	0
1967	0	0
1978.25	0	0
1998.75	0	0
1993.75	0	0
2017	0	0
2010	0	0
2031.75	0	0
2016	0	0
2042	0	0
2031	0	0
2053.25	0	0
2049	0	0
2049	0	0
2049	0	0
2070	0	0
2049	0	0
2070.25	0	0
2052	0	0
2062.25	0	0
2050.5	0	0
2040.25	0	0
2021.5	0	0
2041.5	0	0
2041.5	0	0
2048.25	0	0
2023.5	0	0
2032.75	0	0
2028.25	0	0
2067	0	0
2052.5	0	0
2098	0	0
2054.25	0	0
2059.75	0	0
2085	0	0
2074.75	0	0
2060.5	0	0
2072.75	0	0
2078	0	0
2078	0	0
2086	0	0
2076	0	0
2063.75	0	0
2055.5	0	0
2088.25	0	0
2095.75	0	0
2082.25	0	0
2089	0	0
2103.25	0	0
2126.5	0	0
2120.75	0	0
2109.5	0	0
2061.5	0	0
2075	0	0
2091.25	0	0
2110.5	0	0
2123.5	0	0
2142.25	0	0
2166.75	0	0
2176.75	0	0
2166.75	0	0
2174.5	0	0
2185.25	0	0
2186.5	0	0
2214.25	0	0
2179.5	0	0
2242.5	0	0
2232	0	0
2231.25	0	0
2255.75	0	0
2279.75	0	0
2290.5	0	0
2271.75	0	0
2300.75	0	0
2300.75	0	0
2289	0	0
2292.25	0	0
2296.5	0	0
2288.5	0	0
2331	0	0
2360.25	0	0
2362	0	0
2390.5	0	0
2392.5	0	0
2417.25	0	0
2371.5	0	0
2391	0	0
2377.5	0	0
2343	0	0
2390.5	0	0
2383	0	0
2354.5	0	0
2321.75	0	0
2289.5	0	0
2295.25	0	0
2320.25	0	0
2270.75	0	0
2265	0	0
2264.25	0	0
2273.25	0	0
2296.25	0	0
2356.75	0	0
2360	0	0
2347.5	0	0
2347.5	0	0
2352	0	0
2354	0	0
2343	0	0
2359.25	0	0
2358.75	0	0
2375.5	0	0
2362	0	0
2390.75	0	0
2383.75	0	0
2379.5	0	0
2290.5	0	0
2295.75	0	0
2253	0	0
2269	0	0
2242	0	0
2272.5	0	0
2258.25	0	0
2256.75	0	0
2264.5	0	0
2229.5	0	0
2246.75	0	0
2272.25	0	0
2257.5	0	0
2258.25	0	0
2282.5	0	0
2281.75	0	0
2261.5	0	0
2244.75	0	0
2258.25	0	0
2302	0	0
2311.5	0	0
2310.75	0	0
2327.75	0	0
2308.5	0	0
2329.5	0	0
2341.5	0	0
2273.25	0	0
2214	0	0
2247.5	0	0
2212.5	0	0
2207.5	0	0
2258	0	0
2257	0	0
2258.5	0	0
2258	0	0
2258	0	0
2303.75	0	0
2307.5	0	0
2315.5	0	0
2308.25	0	0
2250.25	0	0
2218.5	0	0
2223.25	0	0
2240.75	0	0
2237	0	0
2261	0	0
2275	0	0
2244.25	0	0
2252.25	0	0
2248	0	0
2237	0	0
2244	0	0
2245	0	0
2292	0	0
2285.5	0	0
2267	0	0
2269.5	0	0
2253.25	0	0
2212.75	0	0
2232.5	0	0
2207.5	0	0
2210	0	0
2231	0	0
2229.25	0	0
2206.75	0	0
2208.25	0	0
2165	0	0
2180.75	0	0
2178.5	0	0
2158.75	0	0
2124.25	0	0
2126	0	0
2115	0	0
2172.25	0	0
2160.25	0	0
2158.75	0	0
2148.5	0	0
2148.5	0	0
2148.5	0	0
2134.25	0	0
2176.5	0	0
2167	0	0
2167	0	0
2194.75	0	0
2173	0	0
2163	0	0
2122.5	0	0
2148.25	0	0
2145.5	0	0
2127.5	0	0
2070.5	0	0
2024	0	0
2054.25	0	0
2091.75	0	0
2074	0	0
2095	0	0
2135	0	0
2135.25	0	0
2085.25	0	0
2126	0	0
2097.75	0	0
2108.75	0	0
2082.25	0	0
2119.75	0	0
2124	0	0
2148.25	0	0
2131	0	0
2135.75	0	0
2152.5	0	0
2149.5	0	0
2102.25	0	0
2105.5	0	0
2135.75	0	0
2140.75	0	0
2138.75	0	0
2089.5	0	0
2072.75	0	0
2061.75	0	0
2031	0	0
2030.75	0	0
2060.5	0	0
2042.25	0	0
2054.5	0	0
2048.25	0	0
2038.5	0	0
2008.75	0	0
2009	0	0
1999.25	0	0
2000.5	0	0
2021.75	0	0
2000.5	0	0
1979	0	0
1993	0	0
2000.5	0	0
1991.25	0	0
2001.75	0	0
1977.25	0	0
2010.25	0	0
2053.75	0	0
2077.25	0	0
2076.75	0	0
2070.75	0	0
2079	0	0
2072.25	0	0
2099	0	0
2072	0	0
2094	0	0
2121.25	0	0
2121.25	0	0
2121.25	0	0
2145	0	0
2151.75	0	0
2171.5	0	0
2202.5	0	0
2199.5	0	0
2183.5	0	0
2191.5	0	0
2222	0	0
2206.25	0	0
2170.75	0	0
2201.25	0	0
2232.25	0	0
2219.5	0	0
2244.5	0	0
2303.5	0	0
2306	0	0
2321	0	0
2367	0	0
2364	0	0
2364	0	0
2433.5	0	0
2381.5	0	0
2385	0	0
2361.75	0	0
2312	0	0
2366.5	0	0
2347	0	0
2311.25	0	0
2289.5	0	0
2280.75	0	0
2222	0	0
2189.5	0	0
2181	0	0
2168.5	0	0
2168.5	0	0
2168	0	0
2182.25	0	0
2228.25	0	0
2182	0	0
2147.5	0	0
2150.25	0	0
2161.75	0	0
2131.25	0	0
2117.75	0	0
2128.25	0	0
2148.75	0	0
2124	0	0
2107.75	0	0
2112.5	0	0
2092.25	0	0
2077	0	0
2062.25	0	0
2051.75	0	0
2031.25	0	0
2020	0	0
2043	0	0
2034.25	0	0
2027.25	0	0
2025	0	0
2016.5	0	0
1995.75	0	0
2041	0	0
2015.5	0	0
2011.75	0	0
2009.25	0	0
1923.25	0	0
1980.5	0	0
2010.25	0	0
2004.25	0	0
2045.5	0	0
2044.25	0	0
2068.5	0	0
2063	0	0
2056.25	0	0
2046.25	0	0
2030.5	0	0
1995.5	0	0
1977.25	0	0
1945.75	0	0
1926	0	0
1978.5	0	0
1973	0	0
1957.25	0	0
1912.5	0	0
1900	0	0
1911.75	0	0
1883.75	0	0
1857.25	0	0
1851.75	0	0
1872	0	0
1795.25	0	0
1822.25	0	0
1831.5	0	0
1827.75	0	0
1809	0	0
1758.5	0	0
1780.25	0	0
1810.5	0	0
1762	0	0
1701.5	0	0
1733.75	0	0
1684.75	0	0
1752	0	0
1807.25	0	0
1807.25	0	0
