7214.5 0 0 
7219.25 0 0
7095 0 0 
7079.25 0 0 
7131.25 0 0 
7164 0 0 
7136.25 0 0 
7136.75 0 0 
7028 0 0 
7010.5 0 0 
7055.5 0 0 
7047.25 0 0 
7157.25 0 0 
7310.25 0 0 
7256.5 0 0 
7214 0 0 
7115.5 0 0 
7170.5 0 0 
7226.5 0 0 
7286 0 0 
7290.25 0 0 
7174 0 0 
7251 0 0 
7154 0 0 
7231.5 0 0 
7216.5 0 0 
7211.75 0 0 
7071.5 0 0 
7122.5 0 0 
7177.25 0 0 
7231.75 0 0 
7216.5 0 0 
7236.5 0 0 
7205 0 0 
7221.75 0 0 
7225 0 0 
7316.5 0 0 
7154.75 0 0 
7160.25 0 0 
7178.75 0 0 
7182.5 0 0 
7201.5 0 0 
7286.75 0 0 
7242 0 0 
7236.5 0 0 
7134.25 0 0 
7158 0 0 
7112 0 0 
7150.5 0 0 
7166.25 0 0 
7167.5 0 0 
7119 0 0 
6980.5 0 0 
6989.25 0 0 
7000.25 0 0 
6960.75 0 0 
6958.5 0 0 
6989.75 0 0 
7024 0 0 
7098 0 0 
7097.5 0 0 
7061.25 0 0 
7011.25 0 0 
7014.5 0 0 
7054.25 0 0 
6970 0 0 
6951.25 0 0 
7091.5 0 0  
7064.75 0 0 
7119.75 0 0 
7136.25 0 0 
7164 0 0 
7225.5 0 0 
7240.5 0 0 
7276.5 0 0 
7320 0 0 
7295 0 0 
7277.5 0 0 
7207 0 0 
7248.5 0 0 
7255 0 0 
7296 0 0 
7395.75 0 0 
7387.5 0 0 
7375.75 0 0 
7405.5 0 0 
7330.5 0 0 
7346.5 0 0 
7363.5 0 0 
7355.5 0 0 
7236.25 0 0 
7329.75 0 0 
7365 0 0 
7304.75 0 0 
7380.5 0 0 
7336 0 0 
7373 0 0 
7359 0 0 
7403.5 0 0 
7328.5 0 0 
7230 0 0 
7211 0 0 
7188.5 0 0 
7179 0 0 
7154.5 0 0 
7135.5 0 0 
7096 0 0 
7075 0 0 
7082.5 0 0 
7083.5 0 0 
7178 0 0 
7189.5 0 0 
7136 0 0 
7107.75 0 0 
7198 0 0 
7142.5 0 0 
7180.5 0 0 
7204.5 0 0 
7235 0 0 
7224 0 0 
7198 0 0 
7211 0 0 
7134 0 0 
7134 0 0 
7104.5 0 0 
7086 0 0 
7080 0 0 
7013 0 0 
7087.5 0 0 
7061.5 0 0 
7067 0 0 
6805 0 0 
6661.5 0 0 
6492.25 0 0 
6528.75 0 0 
6439 0 0 
6492.5 0 0 
6500.5 0 0 
6501 0 0 
6571 0 0 
6441 0 0 
6489.25 0 0 
6476.25 0 0 
6605.75 0 0 
6510.5 0 0 
6572 0 0 
6685.5 0 0 
6650 0 0 
6665 0 0 
6676 0 0 
6643.25 0 0 
6619 0 0 
6670 0 0 
6670.25 0 0 
6626 0 0 
6659.5 0 0 
6664.5 0 0 
6661.75 0 0 
6545 0 0 
6627 0 0 
6662.5 0 0 
6684.5 0 0 
6685.5 0 0 
6772.25 0 0 
6783 0 0 
6765.75 0 0 
6731 0 0 
6659.5 0 0 
6674 0 0 
6755.5 0 0 
6756 0 0 
6685.5 0 0 
6770 0 0 
6795.5 0 0 
6923 0 0 
6887 0 0 
6976 0 0 
6941 0 0 
6923.5 0 0 
6983 0 0 
6933 0 0 
6885 0 0 
6959 0 0 
7021 0 0 
7017.5 0 0 
7045 0 0 
6973 0 0 
6919 0 0 
7006.5 0 0 
6932.5 0 0 
6834 0 0 
6803 0 0 
6696 0 0 
6688.5 0 0 
6710 0 0 
6743 0 0 
6643.5 0 0 
6679.5 0 0 
6718.5 0 0 
6721.5 0 0 
6713.5 0 0 
6736.5 0 0 
6840.5 0 0 
6917 0 0 
6918.5 0 0 
6938 0 0 
6986.5 0 0 
6976 0 0 
7041 0 0 
7039.5 0 0 
7139 0 0 
7186 0 0 
7161 0 0 
7126 0 0 
7136 0 0 
7143.5 0 0 
7179.5 0 0 
7173.5 0 0 
7121.5 0 0 
7128 0 0 
7070.25 0 0 
7065.5 0 0 
6987 0 0 
7029.75 0 0 
7037.5 0 0 
7039.75 0 0 
7179.5 0 0 
7137 0 0 
7132.75 0 0 
7102.5 0 0 
7157.25 0 0 
7135.5 0 0 
7088.5 0 0 
7133.5 0 0 
7064.5 0 0 
6982.25 0 0 
7014.5 0 0 
7010.75 0 0 
7011 0 0 
6983.25 0 0 
6898.5 0 0 
6839 0 0 
6891 0 0 
6943 0 0 
6898.5 0 0 
7036.5 0 0 
7037 0 0 
7098 0 0 
7074.5 0 0 
7062 0 0 
6962 0 0 
7008.5 0 0 
6968 0 0 
6983 0 0 
