53.7   0 0 
55.83  0 0
51.12  0 0
55.08  0 0
59.71  0 0
62.44  0 0
66.91  0 0
62.56  0 0
60.6  0 0
59.91 0 0
62.81 0 0
65.41 0 0
63.61 0 0
66.76 0 0
70.09 0 0
72.5 0 0
75.2 0 0
74.78 0 0
68.7 0 0
60.02 0 0
59.13 0 0
62.4 0 0
56.29 0 0
58.69 0 0
60.05 0 0
64.26 0 0
61.89 0 0
65.63 0 0
71.81 0 0
75.41 0 0
75.74 0 0
81.2 0 0
94.06 0 0
87.45 0 0
97.9 0 0
88.32 0 0
104.45 0 0
106.09 0 0
119.94 0 0
127.93 0 0
145.31 0 0
118.71 0 0
106.47 0 0
93.91 0 0
65.44 0 0
41.01 0 0
48.61 0 0
41.15 0 0
43.54 0 0
52.52 0 0
53.81 0 0
68.43 0 0
66.68 0 0
71.97 0 0
67.95 0 0
70.26 0 0
79.64 0 0
75.41 0 0
81.74 0 0
71.15 0 0
81.5 0 0
86.36 0 0
80 0 0
71.43 0 0
72.06 0 0
82 0 0
74.52 0 0
82.83 0 0
86.85 0 0
89.18 0 0
90.3 0 0
87.87 0 0
104.34 0 0
107.82 0 0
99.89 0 0
100.28 0 0
96.92 0 0
86.89 0 0
86.45 0 0
79.39 0 0
94.27 0 0
100.94 0 0
101.81 0 0
97.8 0 0
106.7 0 0
103.29 0 0
98.49 0 0
84.31 0 0
87.11 0 0
91.4 0 0
95.37 0 0
89.87 0 0
85.64 0 0
87.35 0 0
93.12 0 0
96.68 0 0
90.88 0 0
92.76 0 0
95.24 0 0
93.66 0 0
103.09 0 0
106.6 0 0
108.5 0 0
103.83 0 0
93.4 0 0
97.37 0 0
94.04 0 0
97.4 0 0
101.45 0 0
101.16 0 0
99.45 0 0
102.52 0 0
104.06 0 0
97.34 0 0
93.32 0 0
89.76 0 0
78.71 0 0
65.89 0 0
50.03 0 0
50.48 0 0
50.76 0 0
